1:0|1|2|3|4|5|6|7|
2:0|2|3|4|6|8|
3:0|2|3|4|8|
4:0|1|2|3|4|5|7|9|
5:0|1|2|3|5|6|7|10|12|
6:0|1|3|5|7|
7:0|1|2|4|5|6|7|
8:0|1|2|4|5|6|7|8|10|11|14|19|
9:0|1|2|3|4|5|6|7|8|9|10|11|12|13|14|15|16|17|19|20|
10:0|1|2|3|4|5|6|7|8|9|12|
11:0|2|4|6|7|
12:0|2|3|4|5|6|8|9|14|16|
13:0|2|3|4|5|7|8|9|
14:0|2|3|4|7|8|12|14|
15:0|3|4|5|6|7|8|9|10|12|13|14|15|
16:0|1|2|3|4|6|9|10|12|
17:0|2|3|4|6|7|10|
18:0|1|2|3|4|5|6|7|8|10|9|11|12|13|14|19|
19:0|2|3|4|5|6|7|8|9|10|11|12|13|14|15|17|
20:0|1|2|3|4|6|7|9|
21:0|2|3|9|
22:0|3|4|5|6|8|9|11|12|13|15|7|
23:0|2|5|9|
24:0|1|2|3|4|6|7|10|
25:0|2|3|5|6|
26:0|1|2|3|4|5|6|7|9|11|
27:0|2|3|4|5|6|7|8|9|10|11|12|13|17|
28:0|2|3|5|6|9|10|
29:0|1|2|3|6|7|8|11|14|16|
30:0|2|3|4|5|6|7|10|8|9|11|12|13|14|15|16|17|18|19|20|21|22|
31:0|3|2|4|5|6|7|8|9|10|11|13|19|23|
32:0|2|3|4|5|6|7|8|9|10|11|12|13|14|15|16|17|21|
33:0|1|3|4|7|8|9|10|11|12|
34:0|2|4|5|
35:0|5|6|7|19|
36:0|2|3|5|8|11|
37:0|1|2|3|4|5|6|7|9|10|11|12|13|
38:0|2|3|4|6|5|7|8|9|10|11|12|13|14|15|16|17|19|
39:0|1|2|3|4|5|6|7|8|9|10|11|13|14|15|16|17|19|
40:0|2|3|4|5|6|7|8|9|10|11|12|13|16|17|
41:0|2|3|4|5|6|7|8|9|11|12|
42:0|1|2|3|5|6|10|
43:0|1|3|4|9|10|14|
44:0|1|2|3|4|5|6|7|8|9|11|12|14|15|18|21|
45:0|1|
46:8|0|2|3|4|5|6|7|9|10|11|12|13|14|16|17|18|19|20|
47:0|3|4|8|
48:0|2|3|4|7|
49:0|1|4|6|9|
50:0|1|2|3|4|5|6|7|8|9|10|11|12|13|14|15|16|
51:0|2|3|5|10|
52:0|1|2|6|9|
53:0|2|3|4|5|6|7|8|9|11|10|12|13|16|18|22|
54:0|4|6|
55:0|1|2|3|4|5|6|12|
56:0|1|2|3|9|10|
57:0|1|2|3|4|5|6|7|8|9|10|11|12|13|14|15|19|
58:0|2|3|5|6|8|9|10|15|23|
59:0|4|6|7|8|9|11|12|19|
60:0|4|5|6|7|8|9|10|11|12|13|14|
61:0|1|2|3|4|5|6|7|8|9|10|11|12|13|14|15|16|17|18|19|20|21|24|
62:0|1|2|3|4|5|7|8|9|10|11|12|13|14|
63:0|1|3|4|5|6|7|8|
64:0|1|2|3|4|5|6|7|8|9|11|10|12|13|14|15|16|17|18|19|20|21|22|
65:12|0|8|
66:7|0|2|3|4|5|6|8|9|10|11|13|14|15|16|
67:0|6|7|8|9|12|17|
68:0|6|7|8|9|10|
69:0|1|4|5|7|8|9|10|13|14|21|
70:0|4|5|6|7|8|9|10|14|15|16|
71:0|1|5|7|9|
72:0|1|2|3|4|5|6|7|8|9|10|11|12|13|14|15|16|17|19|
73:0|2|3|5|6|7|8|9|10|
74:0|2|4|5|6|7|8|14|16|
75:0|1|2|3|4|5|6|7|8|9|10|11|12|13|14|15|16|17|18|19|21|22|24|
76:0|2|4|3|6|7|8|9|10|11|12|13|14|15|18|
77:0|1|2|3|4|5|6|9|10|12|14|
78:0|1|2|3|4|5|6|7|8|9|10|11|12|13|14|15|17|
79:0|4|5|6|7|8|9|11|12|
80:0|1|3|4|9|
81:0|2|5|6|
82:0|5|6|7|8|9|11|12|13|18|
83:0|1|4|
84:5|0|2|4|6|7|8|10|
85:0|1|2|3|4|5|6|7|8|9|10|11|12|14|13|15|16|17|18|19|21|22|23|24|28|
86:0|1|2|3|4|5|6|7|8|9|10|11|12|13|14|15|16|17|18|25|
87:0|4|5|6|8|14|
88:0|2|4|6|9|
89:0|5|7|10|
90:0|4|5|6|13|
91:0|4|8|9|10|11|15|
92:0|8|
93:0|2|3|4|5|6|7|8|9|10|11|15|16|
94:0|2|3|4|5|6|7|8|9|10|11|12|13|14|15|16|17|18|20|
95:0|4|6|
96:0|2|3|4|5|6|8|7|9|10|11|12|13|14|15|16|17|19|
97:0|5|6|11|14|17|
98:0|5|4|6|7|8|9|10|11|12|13|14|16|
99:0|4|6|
100:0|5|6|7|
101:0|1|2|4|7|
102:0|2|3|4|5|6|7|9|8|10|12|14|17|
103:0|7|9|
104:0|2|3|4|5|6|7|8|9|10|11|12|13|14|15|16|17|18|19|
105:0|4|7|
106:0|1|2|3|4|5|6|7|8|10|11|12|13|18|
107:0|5|6|7|9|10|11|12|
108:0|3|4|5|6|7|8|9|10|11|12|13|15|
109:0|2|3|4|5|6|7|8|9|10|11|12|13|14|15|16|19|20|21|
110:0|4|7|
111:0|2|3|4|5|6|7|8|12|14|
112:0|2|3|4|6|5|7|8|9|10|11|12|13|14|15|16|
113:0|1|2|3|4|5|6|7|8|9|10|11|12|13|14|17|
114:0|4|6|8|
115:0|2|3|4|5|6|7|8|9|10|11|12|13|14|17|
116:0|1|2|3|4|5|6|7|8|9|10|11|12|13|15|16|17|
117:0|4|5|6|7|8|9|11|15|17|
118:8|0|2|3|4|5|6|7|9|10|11|12|13|15|14|16|17|19|18|20|26|
119:3|5|0|2|4|6|7|8|9|10|11|12|14|16|15|17|19|
120:0|1|2|3|4|5|6|7|8|9|10|11|12|13|14|15|16|17|19|21|
121:0|3|4|5|6|8|10|11|12|13|14|15|16|18|
122:0|3|4|5|6|7|8|9|10|11|12|14|17|19|
123:5|0|1|2|3|4|6|7|9|10|12|13|15|
124:0|3|4|5|6|7|8|9|10|11|12|13|14|
125:0|4|5|6|
126:0|3|
127:0|3|4|5|7|9|10|15|
128:0|3|4|5|6|7|8|9|11|12|14|16|
129:0|4|7|8|
130:0|1|2|3|4|5|6|7|8|9|10|11|12|13|14|15|16|17|18|19|
131:0|2|8|11|
132:0|4|6|10|
133:0|3|8|10|
134:0|2|3|4|5|6|7|10|8|12|
135:0|2|4|6|8|9|10|13|
136:0|6|7|8|
137:0|2|3|4|5|7|8|9|10|12|13|14|16|
138:0|1|2|11|
139:0|4|5|13|18|
140:6|0|1|2|3|4|5|7|8|9|10|11|12|13|14|15|16|17|19|21|
141:0|2|3|4|5|6|7|8|9|11|
142:0|1|2|3|4|5|6|7|8|9|10|11|13|12|14|15|16|17|18|19|20|
143:0|3|4|5|6|15|18|
144:0|3|5|6|7|9|10|18|
145:0|2|3|4|5|6|7|8|9|10|11|12|13|14|15|16|17|18|19|
146:0|3|6|12|13|17|19|11|
147:0|4|5|6|7|8|9|10|11|12|13|14|15|18|2|
148:0|2|4|5|6|7|8|9|10|11|12|13|18|
149:0|2|3|4|5|6|7|8|9|10|11|12|13|14|15|16|17|18|19|20|22|
150:0|10|
151:0|3|4|6|8|11|18|21|
152:0|3|4|5|6|7|9|10|12|
153:0|3|5|6|7|9|10|18|
154:0|2|3|4|5|6|7|8|9|10|11|12|13|14|15|17|18|
155:0|4|5|6|7|9|10|
156:0|2|3|5|6|7|8|9|10|14|16|19|
157:0|2|3|4|6|5|7|8|9|10|11|12|13|14|15|16|17|18|19|20|
158:0|3|4|5|6|7|8|11|
159:0|1|2|3|4|5|6|7|8|9|10|11|12|13|14|15|16|
160:0|5|6|7|8|9|10|12|13|14|
161:0|3|6|
162:0|2|3|4|5|6|7|8|9|10|11|12|13|14|15|19|
163:0|2|3|4|5|6|7|8|9|10|11|12|13|14|15|16|18|19|
164:0|2|3|4|5|6|7|8|9|10|11|12|13|14|16|17|18|19|20|
165:0|1|5|13|
166:0|2|4|5|11|
167:0|2|3|4|5|6|7|8|9|10|11|12|13|14|15|16|17|18|19|20|
168:0|
169:0|1|2|3|4|5|6|7|8|9|10|11|12|13|
170:0|2|3|4|5|6|7|8|9|10|11|12|13|14|15|16|
171:0|8|9|
172:0|2|3|4|5|6|8|9|10|11|
173:13|16|0|3|4|5|6|7|8|9|10|11|12|14|15|17|
174:0|4|5|6|7|8|10|
175:0|7|11|
176:0|6|7|12|14|
177:0|3|4|5|6|7|8|9|10|11|12|13|15|17|
178:0|3|5|8|9|11|10|12|15|
179:0|4|7|8|
180:0|4|5|10|11|
181:0|2|3|4|5|6|7|8|9|10|11|12|13|14|15|16|18|17|
182:0|5|6|8|9|10|11|12|3|
183:9|0|12|
184:0|2|3|4|5|6|7|8|9|10|11|12|13|14|16|17|22|
185:0|2|8|
186:0|8|9|11|10|
187:0|2|3|4|5|6|7|8|9|10|11|12|13|14|16|17|18|19|
188:0|3|4|5|6|7|8|9|10|11|13|14|
189:0|
190:0|2|3|4|5|6|7|8|9|10|11|12|13|14|15|
191:0|5|6|8|10|12|14|17|
192:0|19|
193:0|7|8|9|12|
194:24|0|3|4|5|6|7|8|11|12|14|
195:0|4|5|6|7|8|9|10|11|12|13|14|15|16|19|22|
196:6|0|2|3|4|5|7|8|9|10|11|12|13|14|16|17|18|19|
197:0|9|10|13|
198:0|2|4|5|6|7|8|10|11|12|22|
199:0|4|6|8|9|
200:0|3|4|
201:0|5|13|
202:0|3|5|10|
203:0|3|4|5|6|8|9|10|11|14|15|
204:0|5|7|
205:0|4|5|6|10|12|
206:0|2|3|
207:0|5|6|8|
208:0|4|5|7|9|10|
209:0|2|3|5|10|11|13|
210:0|3|4|7|9|
211:0|2|3|4|5|6|7|8|9|
212:0|6|
213:0|5|
214:0|4|5|
